epoch:0 0.1531  0.3554  0.1013  0.002  0.0747  0.1913  0.2166  0.2877  0.292  0.0267  0.159  0.3503  0.6057  0.001
epoch:1 0.2552  0.5458  0.1891  0.0203  0.1493  0.306  0.2877  0.4017  0.4106  0.0652  0.2797  0.4795  0.4654  0.001
epoch:2 0.3097  0.6297  0.2664  0.0438  0.1973  0.3684  0.3199  0.4389  0.4475  0.0852  0.317  0.5174  0.4057  0.001
epoch:3 0.3351  0.6566  0.3095  0.0499  0.2269  0.3953  0.3338  0.46  0.472  0.13  0.358  0.5344  0.3575  0.00033
epoch:4 0.349  0.6749  0.3228  0.0553  0.2354  0.4098  0.3391  0.4664  0.4751  0.1261  0.3668  0.5375  0.3379  0.00033
epoch:5 0.3619  0.6824  0.3441  0.061  0.2412  0.4261  0.3517  0.4722  0.4812  0.1282  0.3578  0.5476  0.3226  0.00033
epoch:6 0.3769  0.6924  0.373  0.0621  0.2481  0.4423  0.3609  0.4874  0.4965  0.1381  0.374  0.5634  0.2991  0.000109
epoch:7 0.3744  0.6918  0.3669  0.0612  0.2554  0.4382  0.3568  0.4821  0.4915  0.1492  0.3795  0.5535  0.2922  0.000109
epoch:8 0.3757  0.6959  0.3658  0.0627  0.2479  0.4415  0.3592  0.485  0.4947  0.156  0.3727  0.5607  0.2862  0.000109
epoch:9 0.3777  0.6972  0.3727  0.0619  0.253  0.443  0.3597  0.4864  0.4954  0.1527  0.3778  0.5589  0.2762  3.6e-05
epoch:10 0.3789  0.6979  0.3704  0.0623  0.2536  0.4447  0.3611  0.4862  0.4955  0.1486  0.3782  0.5593  0.274  3.6e-05
epoch:11 0.3758  0.696  0.3685  0.0593  0.2555  0.4392  0.3563  0.4828  0.4919  0.1526  0.3832  0.5522  0.272  3.6e-05
epoch:12 0.3778  0.6979  0.3688  0.0592  0.2555  0.4422  0.359  0.4849  0.4942  0.1495  0.3807  0.5566  0.2675  1.2e-05
epoch:13 0.3783  0.698  0.3744  0.0594  0.2552  0.4426  0.3593  0.4835  0.4928  0.1488  0.3789  0.5551  0.2668  1.2e-05
epoch:14 0.3774  0.697  0.3703  0.0593  0.2554  0.4421  0.3588  0.4849  0.4948  0.1525  0.383  0.5565  0.2662  1.2e-05
epoch:15 0.3787  0.6991  0.3706  0.0573  0.2559  0.4435  0.3609  0.4861  0.4954  0.1509  0.3795  0.5582  0.2648  4e-06
epoch:16 0.379  0.6978  0.37  0.0567  0.2546  0.4436  0.361  0.4855  0.4944  0.1491  0.3792  0.5572  0.2651  4e-06
epoch:17 0.3795  0.6985  0.372  0.0572  0.2543  0.4444  0.3608  0.486  0.4953  0.1529  0.38  0.5581  0.264  4e-06
epoch:18 0.3783  0.6987  0.3703  0.0565  0.2544  0.4424  0.3604  0.485  0.4946  0.1513  0.3807  0.5566  0.2641  1e-06
epoch:19 0.3788  0.698  0.3707  0.0561  0.2548  0.4432  0.3609  0.4866  0.4962  0.1541  0.3814  0.558  0.2638  1e-06
epoch:20 0.3791  0.699  0.3712  0.0565  0.2545  0.4433  0.3607  0.4856  0.4952  0.1517  0.3804  0.5573  0.2637  1e-06
epoch:21 0.3789  0.6993  0.3713  0.0564  0.2541  0.4433  0.3608  0.4857  0.4951  0.1516  0.3805  0.5571  0.2635  0.0
epoch:22 0.3788  0.6991  0.3707  0.0567  0.2542  0.4429  0.3609  0.4857  0.4951  0.1531  0.3801  0.557  0.2636  0.0
epoch:23 0.3788  0.6987  0.3706  0.0562  0.2543  0.443  0.361  0.4857  0.4951  0.1532  0.3799  0.5572  0.263  0.0
epoch:24 0.3787  0.6988  0.3703  0.0562  0.2542  0.443  0.361  0.4858  0.4952  0.1529  0.3798  0.5573  0.2636  0.0
