epoch:0 0.1142  0.319  0.0488  0.0151  0.061  0.1521  0.1789  0.3354  0.3709  0.078  0.2448  0.4408  1.0783  0.001
epoch:1 0.2131  0.5142  0.1295  0.0256  0.1377  0.2614  0.2508  0.4107  0.4394  0.1476  0.3613  0.4911  0.6917  0.001
epoch:2 0.2697  0.5886  0.2003  0.0441  0.1708  0.3318  0.2999  0.4638  0.4885  0.1839  0.3995  0.543  0.5723  0.001
epoch:3 0.3298  0.6563  0.2922  0.05  0.2124  0.4019  0.3424  0.504  0.5239  0.2035  0.4241  0.581  0.4823  0.00033
epoch:4 0.3371  0.6628  0.3027  0.0556  0.2232  0.4114  0.3481  0.5078  0.5274  0.2008  0.426  0.5861  0.4493  0.00033
epoch:5 0.3506  0.6799  0.3252  0.0652  0.2444  0.424  0.3552  0.5188  0.539  0.2301  0.445  0.5933  0.4192  0.00033
epoch:6 0.3662  0.6897  0.3488  0.0631  0.2474  0.4454  0.3675  0.5309  0.5488  0.2072  0.447  0.6078  0.3832  0.000109
epoch:7 0.3686  0.6951  0.3446  0.0644  0.2488  0.4488  0.3701  0.53  0.5472  0.2004  0.4423  0.6078  0.3676  0.000109
epoch:8 0.371  0.6983  0.355  0.0668  0.2533  0.4496  0.3703  0.5315  0.5505  0.2085  0.4524  0.6071  0.357  0.000109
epoch:9 0.3777  0.7018  0.3673  0.0667  0.2624  0.4571  0.375  0.5356  0.555  0.2122  0.4576  0.6121  0.3422  3.6e-05
epoch:10 0.3782  0.7021  0.3657  0.0676  0.2632  0.4571  0.3747  0.5363  0.5549  0.2184  0.4589  0.6116  0.3354  3.6e-05
epoch:11 0.3791  0.7028  0.3672  0.0648  0.2606  0.4597  0.3754  0.5363  0.5547  0.2171  0.4537  0.6116  0.3292  3.6e-05
epoch:12 0.3785  0.703  0.3704  0.0637  0.2642  0.4574  0.3749  0.536  0.5544  0.2157  0.4557  0.612  0.3243  1.2e-05
epoch:13 0.3804  0.7034  0.3702  0.0664  0.2654  0.4596  0.3757  0.5358  0.5548  0.2215  0.4584  0.6112  0.3226  1.2e-05
epoch:14 0.3795  0.7022  0.3695  0.0688  0.2634  0.4595  0.3751  0.535  0.5538  0.2224  0.4571  0.61  0.3219  1.2e-05
epoch:15 0.3812  0.7025  0.3733  0.0681  0.2668  0.4607  0.3766  0.536  0.5546  0.2188  0.4583  0.6111  0.3191  4e-06
epoch:16 0.3802  0.7029  0.3716  0.0675  0.2635  0.4596  0.3751  0.5358  0.5543  0.2181  0.4559  0.6118  0.3157  4e-06
epoch:17 0.3814  0.7038  0.3715  0.0691  0.2671  0.4602  0.3761  0.5359  0.5541  0.2194  0.4587  0.6108  0.3186  4e-06
epoch:18 0.3813  0.7032  0.3731  0.0683  0.2669  0.4608  0.3758  0.5365  0.5549  0.2207  0.4582  0.6122  0.3172  1e-06
epoch:19 0.3815  0.7037  0.3732  0.0688  0.266  0.4613  0.3761  0.5366  0.5554  0.2214  0.4584  0.6126  0.3158  1e-06
