epoch:0 0.136  0.3695  0.0615  0.0116  0.0721  0.1781  0.1931  0.3507  0.3742  0.0884  0.2388  0.4464  1.0744  0.001
epoch:1 0.2248  0.526  0.1467  0.0278  0.1403  0.2777  0.2699  0.4276  0.4504  0.1558  0.3475  0.5093  0.688  0.001
epoch:2 0.2817  0.6002  0.2175  0.0525  0.1803  0.3461  0.3041  0.4712  0.4967  0.1942  0.4056  0.5518  0.5666  0.001
epoch:3 0.3297  0.6559  0.2887  0.0539  0.2185  0.3986  0.3387  0.5006  0.5235  0.2044  0.4276  0.5804  0.4844  0.00033
epoch:4 0.3491  0.6778  0.3238  0.0565  0.2442  0.4179  0.3509  0.5116  0.5301  0.2012  0.4324  0.5886  0.4452  0.00033
epoch:5 0.3499  0.681  0.314  0.0767  0.241  0.4157  0.3475  0.511  0.5303  0.2097  0.4351  0.5869  0.4211  0.00033
epoch:6 0.3786  0.7014  0.367  0.0897  0.2606  0.4488  0.3648  0.5265  0.5448  0.2361  0.449  0.6023  0.3843  0.000109
epoch:7 0.3813  0.7074  0.3682  0.0811  0.2613  0.4525  0.3695  0.5322  0.5495  0.2284  0.4439  0.6086  0.3675  0.000109
epoch:8 0.3813  0.7058  0.3747  0.086  0.2606  0.4545  0.3683  0.5318  0.5494  0.2294  0.4478  0.6077  0.3556  0.000109
epoch:9 0.3912  0.7135  0.3874  0.1018  0.2708  0.4632  0.3753  0.5352  0.5523  0.2311  0.4486  0.6114  0.3394  3.6e-05
epoch:10 0.3837  0.7068  0.3769  0.0881  0.2653  0.456  0.3701  0.5323  0.5496  0.2253  0.4538  0.6071  0.3298  3.6e-05
